[gd_scene load_steps=8 format=3 uid="uid://b1s4qeh3ihp8v"]

[ext_resource type="Script" path="res://Player/Weapons/gun.gd" id="1_dusk4"]
[ext_resource type="Texture2D" uid="uid://cai6rs6lxsgqh" path="res://game_textures/item/weapons/1-in-game.png" id="2_8dbft"]
[ext_resource type="AudioStream" uid="uid://c2475jelfbi7f" path="res://Sounds/desert_pack/gun-1.ogg" id="3_yhucs"]
[ext_resource type="AudioStream" uid="uid://bywk6lbwp3goi" path="res://Sounds/desert_pack/no-ammo.ogg" id="4_dp4qj"]

[sub_resource type="AtlasTexture" id="AtlasTexture_y6rlc"]
atlas = ExtResource("2_8dbft")
region = Rect2(0, 0, 58, 99)

[sub_resource type="AtlasTexture" id="AtlasTexture_lk6dl"]
atlas = ExtResource("2_8dbft")
region = Rect2(58, 0, 58, 99)

[sub_resource type="SpriteFrames" id="SpriteFrames_y0dne"]
animations = [{
"frames": [{
"duration": 1.0,
"texture": SubResource("AtlasTexture_y6rlc")
}],
"loop": false,
"name": &"idle",
"speed": 5.0
}, {
"frames": [{
"duration": 1.0,
"texture": SubResource("AtlasTexture_lk6dl")
}, {
"duration": 1.0,
"texture": SubResource("AtlasTexture_y6rlc")
}, {
"duration": 1.0,
"texture": SubResource("AtlasTexture_y6rlc")
}, {
"duration": 1.0,
"texture": SubResource("AtlasTexture_y6rlc")
}],
"loop": false,
"name": &"shoot",
"speed": 2.0
}]

[node name="shotgun" type="Node3D"]
script = ExtResource("1_dusk4")

[node name="CanvasLayer" type="CanvasLayer" parent="."]

[node name="Control" type="Control" parent="CanvasLayer"]
layout_mode = 3
anchors_preset = 7
anchor_left = 0.5
anchor_top = 1.0
anchor_right = 0.5
anchor_bottom = 1.0
offset_left = -20.0
offset_top = -40.0
offset_right = 20.0
grow_horizontal = 2
grow_vertical = 0

[node name="GunSprite" type="AnimatedSprite2D" parent="CanvasLayer/Control"]
position = Vector2(18.0417, -49.9587)
scale = Vector2(2.00144, 1.65573)
sprite_frames = SubResource("SpriteFrames_y0dne")
animation = &"shoot"

[node name="GunRays" type="Node3D" parent="."]

[node name="RayCast3D" type="RayCast3D" parent="GunRays"]
transform = Transform3D(1, -3.30533e-16, 3.48309e-16, 3.48309e-16, 0.99863, -0.052336, -3.30533e-16, 0.052336, 0.99863, 0, 0, 0)
target_position = Vector3(2.08165e-12, 2.08165e-12, -20)
collision_mask = 6
collide_with_areas = true

[node name="RayCast3D2" type="RayCast3D" parent="GunRays"]
transform = Transform3D(0.999507, -3.37659e-16, 0.0314108, 3.48787e-16, 1, -3.48787e-16, -0.0314108, 3.5957e-16, 0.999507, 0, 0, 0)
target_position = Vector3(2.08165e-12, 2.08165e-12, -10)
collision_mask = 6
collide_with_areas = true

[node name="RayCast3D3" type="RayCast3D" parent="GunRays"]
transform = Transform3D(1, -3.67041e-16, 3.48309e-16, 3.48309e-16, 0.99863, 0.052336, -3.67041e-16, -0.052336, 0.99863, 0, 0, 0)
target_position = Vector3(2.08165e-12, 2.08165e-12, -15)
collision_mask = 6
collide_with_areas = true

[node name="RayCast3D4" type="RayCast3D" parent="GunRays"]
transform = Transform3D(0.997053, -3.21e-16, 0.076719, 3.48787e-16, 1, -3.48787e-16, -0.076719, 3.74517e-16, 0.997053, 0, 0, 0)
target_position = Vector3(2.08165e-12, 2.08165e-12, -10)
collision_mask = 6
collide_with_areas = true

[node name="RayCast3D5" type="RayCast3D" parent="GunRays"]
transform = Transform3D(0.999903, -3.43883e-16, 0.0139622, 3.48787e-16, 1, -3.48787e-16, -0.0139622, 3.53623e-16, 0.999903, 0, 0, 0)
target_position = Vector3(2.08165e-12, 2.08165e-12, -20)
collision_mask = 6
collide_with_areas = true

[node name="RayCast3D6" type="RayCast3D" parent="GunRays"]
transform = Transform3D(0.999391, -3.60747e-16, -0.0348995, 3.48787e-16, 1, -3.48787e-16, 0.0348995, 3.36402e-16, 0.999391, 0, 0, 0)
target_position = Vector3(2.08165e-12, 2.08165e-12, -10)
collision_mask = 6
collide_with_areas = true

[node name="RayCast3D7" type="RayCast3D" parent="GunRays"]
transform = Transform3D(0.997314, -0.000511295, 0.0732364, 3.48778e-16, 0.999976, 0.00698126, -0.0732382, -0.00696251, 0.99729, 0, 0, 0)
target_position = Vector3(2.08165e-12, 2.08165e-12, -15)
collision_mask = 6
collide_with_areas = true

[node name="RayCast3D8" type="RayCast3D" parent="GunRays"]
target_position = Vector3(2.08165e-12, 2.08165e-12, -10)
collision_mask = 6
collide_with_areas = true

[node name="RayCast3D9" type="RayCast3D" parent="GunRays"]
target_position = Vector3(2.08165e-12, 2.08165e-12, -20)
collision_mask = 6
collide_with_areas = true

[node name="RayCast3D10" type="RayCast3D" parent="GunRays"]
target_position = Vector3(2.08165e-12, 2.08165e-12, -10)
collision_mask = 6
collide_with_areas = true

[node name="shooting" type="AudioStreamPlayer3D" parent="."]
stream = ExtResource("3_yhucs")
bus = &"Guns"

[node name="noammo" type="AudioStreamPlayer3D" parent="."]
stream = ExtResource("4_dp4qj")
